0.00
1.00
3.00
4.00
5.00
6.00
7.00
8.00
9.00
10.00
11.00
12.00
13.00
14.00
15.00
16.00
17.00
18.00
19.00
20.00
21.00
22.00
23.00
24.00
25.00
26.00
27.00
28.00
29.00
30.00
31.00
32.00
33.00
34.00
35.00
36.00
37.00
38.00
39.00
40.00
41.00
42.20
43.20
44.20
45.20
46.20
47.20
48.20
49.20
50.20
51.20
52.20
53.20
54.20
55.20
56.40
57.40
58.40
59.40
60.40
61.40
62.40
63.40
64.40
65.40
66.40
67.40
68.40
69.40
70.40
71.40
72.40
73.40
74.40
75.40
76.40
77.40
78.40
79.40
80.40
81.40
82.40
83.40
84.40
85.40
86.40
87.50
88.50
89.50
90.50
91.50
92.50
93.50
94.50
95.50
96.50
97.50
98.50
99.50
100.50
101.50
102.50
103.50
104.80
105.80
106.80
107.80
108.80
109.80
110.80
111.80
112.80
113.80
114.80
115.80
116.80
117.80
118.80
119.80
120.80
121.80
122.80
123.80
124.80
125.80
126.80
127.80
128.80
129.80
130.80
131.80
132.80
133.80
134.80
135.80
136.80
137.80
138.80
139.80
140.80
141.80
142.80
143.80
144.80
145.80
146.80
147.80
148.80
149.80
150.80
151.80
152.80
153.80
154.80
155.80
156.80
157.80
158.80
159.80
160.80
161.80
162.80
163.80
164.80
165.80
166.80
167.80
168.80
169.80
170.80
171.80
172.80
173.80
174.80
175.80
176.80
177.80
178.80
179.80
180.80
181.80
182.80
183.80
184.80
185.80
186.80
187.80
188.80
189.80
190.80
191.80
192.80
193.80
194.80
195.80
196.80
197.80
198.80
199.80
200.80
201.80
202.80
203.80
204.80
205.80
206.80
207.80
208.80
209.80
210.80
211.80
212.80
213.80
214.80
215.80
216.80
217.80
218.80
219.80
220.80
221.80
222.80
223.80
224.80
225.80
226.80
227.80
228.80
229.80
230.80
231.80
232.80
233.80
234.80
235.80
236.80
237.80
238.80
239.80
240.80
241.80
242.80
243.80
244.80
245.80
246.80
247.80
248.80
249.80
250.80
251.80
252.80
253.80
254.80
255.80
256.80
257.80
258.80
259.80
260.80
261.80
262.80
263.80
264.80
265.80
266.80
267.80
268.80
269.80
270.80
271.80
272.80
273.80
274.80
275.80
276.80
277.80
278.80
279.80
280.80
281.80
282.80
283.80
284.80
285.80
286.80
287.80
288.80
289.80
290.80
291.80
292.80
293.80
294.80
295.80
296.80
297.80
298.80
299.80
300.80
301.80
302.80
303.80
304.80
305.80
306.80
307.80
308.80
309.80
310.80
311.80
312.80
313.80
314.80
315.80
316.80
317.80
318.80
319.80
320.80
321.80
322.80
323.80
324.80
325.80
326.80
327.80
328.80
329.80
330.80
331.80
332.80
333.80
334.80
335.80
336.80
337.80
338.80
339.80
340.80
341.80
343.10
344.10
345.10
346.10
347.10
348.10
349.10
350.10
351.10
352.10
353.10
354.10
355.10
356.10
357.10
358.10
359.10
360.10
361.10
362.10
363.10
364.10
365.10
366.10
367.10
368.10
369.10
370.10
371.10
372.10
373.10
374.10
375.10
376.10
377.10
378.10
379.10
380.10
381.10
382.10
383.10
384.10
385.10
386.10
387.10
388.10
389.10
390.10
391.10
392.10
393.10
394.10
395.10
396.10
397.10
398.10
399.10
400.10
401.10
402.10
403.10
404.10
405.10
406.10
407.10
408.10
409.10
410.10
411.10
412.10
413.10
414.10
415.10
416.10
417.10
418.10
419.10
420.10
421.10
422.10
423.10
424.10
425.10
426.10
427.10
428.10
429.10
430.10
431.10
432.10
433.10
434.10
435.10
436.10
437.10
438.10
439.10
440.10
441.10
442.10
443.10
444.10
445.10
446.10
447.10
448.10
449.10
450.10
451.10